91001
30501
49501
60501
30001
28001
86501
70001
68501
85501
6001
44501
98501
59501
59001
71501
67501
87001
92501
50001
95501
36001
48001
68001
82501
55001
18001
31501
501
10501
37001
42001
69001
58001
28501
26001
36501
13501
49001
52501
32501
10001
34001
43001
16501
32001
84001
27501
11001
17501
25001
5501
26501
53501
21501
77501
19001
3001
83501
75001
66001
12501
15501
16001
6501
79501
9501
37501
81001
7001
62001
42501
71001
62501
23501
54001
89501
35001
17001
1
18501
69501
48501
96501
45001
83001
77001
2001
80001
51501
93001
94501
39501
51001
61001
3501
11501
95001
88501
57501
76501
29501
38001
85001
4001
39001
93501
66501
65501
73501
54501
7501
33501
58501
14001
35501
31001
57001
74501
8001
56501
43501
24501
79001
52001
20001
9001
45501
23001
87501
22501
47001
94001
46001
1501
44001
74001
84501
64001
47501
73001
13001
90001
14501
25501
41501
97501
67001
80501
65001
38501
41001
60001
97001
90501
99501
98001
63501
92001
99001
40001
63001
24001
5001
81501
33001
50501
29001
22001
53001
21001
15001
82001
20501
19501
8501
61501
64501
88001
96001
55501
12001
27001
89001
75501
56001
4501
72001
34501
1001
78001
86001
70501
91501
46501
78501
2501
40501
76001
72501
