14501
78001
24401
21251
9501
46601
33301
43851
44351
46001
91701
23601
51151
63451
45201
43101
86351
65551
70201
86951
45001
20401
94551
7351
64551
88051
78601
50551
22651
5401
42301
43801
35051
101
87601
19251
56951
92251
83401
66151
27201
50951
10001
19801
9851
9901
7701
68851
73151
87901
60801
74901
93801
46751
5251
90901
96551
28701
24201
6401
44301
50701
51301
96101
40151
89451
93901
75801
69901
851
20051
22251
7901
34901
58301
20951
6201
32551
15651
86401
3601
44901
62651
4351
81651
92951
77401
66351
18001
40701
41251
67801
501
4551
28651
84751
85051
71701
17001
8901
95501
11851
98351
81351
46201
26701
53301
25901
59301
64451
93401
82451
90601
44501
6151
80901
55401
41751
97351
55251
39251
60251
95851
65501
63301
67401
31351
71601
29501
73801
59551
87251
88901
10501
52801
36801
62701
58901
36051
49401
21051
98801
91801
17701
14551
70301
17501
76951
49301
38901
61851
35301
23151
30851
72601
83851
32801
35651
96651
72851
63751
62601
26451
68201
70051
80551
39951
61151
7151
70401
52951
12651
23651
31251
37851
13601
94101
89951
88551
56801
2051
90551
13351
51651
53101
45301
72901
91651
68051
59501
87001
68351
8101
41551
92501
49351
98851
13101
46251
89851
21951
151
78151
95701
9001
90301
38451
36601
70501
91401
56901
85751
86251
21551
27951
21151
97201
89201
19851
99851
63851
16251
35151
61051
67151
66301
52601
60401
40001
28251
86751
24501
73301
85551
49201
85801
16101
86601
29401
44601
64751
16501
55001
58551
30601
21451
27301
56301
62301
30901
79001
33151
8401
71801
55701
61351
12151
85301
76851
34951
55451
55751
61651
31651
39901
78351
91551
45551
90801
64701
33551
3651
19301
35701
51601
92901
24151
97451
49601
78501
74601
7101
10851
55601
33501
69351
25001
75001
38351
61951
91751
90251
78051
15801
9951
81901
73001
3851
56251
23901
76801
76901
69051
98901
29701
19751
31001
11251
36001
12901
52901
1251
28151
22751
5601
89701
15201
21201
66651
6501
40051
94001
88251
74551
5301
7501
4201
75151
71501
92301
41701
12951
84251
68801
28501
10551
37951
37051
51751
15401
64951
35401
23301
43051
48751
14451
24451
76501
73901
13151
5001
36251
20701
24601
66551
94151
8851
62201
91151
2401
90501
7601
81851
40451
35951
37451
96201
15601
57201
66051
65701
30701
1151
55501
1401
14601
99951
43551
41651
16551
59601
57851
58951
53201
71301
8601
86101
62051
69551
40301
5551
61401
44001
68001
19601
47551
68901
47151
47351
1901
98501
37351
91851
27151
58001
33251
27651
8801
20001
83751
3701
2851
32301
12801
53501
97051
74201
9801
6951
53001
37801
65051
16051
67551
54801
27251
56201
47951
31401
1951
12001
1801
72001
96801
751
4001
77451
2351
83001
42701
4401
99251
73201
31601
47501
18901
59401
51501
3201
57801
50901
70751
79851
2301
35901
45051
21801
44051
12201
87551
98101
34451
50601
50651
27851
69601
57301
51051
54051
24651
89251
26551
30551
10801
32751
76751
6801
29451
13301
11751
63501
8701
96001
21651
34701
63701
98151
55301
87151
68301
64051
65401
26101
17051
56651
87101
10601
81401
74651
27101
66601
7751
39201
6301
46151
15751
79651
21351
41101
9251
61451
20801
80651
86801
24101
13851
86451
88401
8001
28401
96601
16151
66401
19501
24801
62451
39551
70851
51401
25751
39501
73601
45251
98051
81951
84451
25451
95551
8551
4801
53451
87351
93501
92851
1551
74751
62901
80801
55901
29101
57551
71051
77301
80301
68951
54601
95251
26751
81151
97151
77001
23951
99351
51901
32701
43451
62251
39401
16001
33401
43951
60351
98551
25551
95201
33651
22001
22451
57401
96251
34001
51801
75451
67351
19201
41901
85601
46351
47701
89601
20251
21601
4651
86301
67701
5201
79751
17751
25301
91951
12851
11801
36301
69251
28601
92801
93051
82901
91501
11051
76551
74401
91351
32601
13501
61751
94601
77801
84801
57001
67001
48501
10101
85401
98401
34101
1051
25701
53401
92551
4301
6701
8351
95901
92201
26801
11451
63051
41301
88651
59651
48851
73051
96851
96901
20351
18551
30101
15551
76401
98451
94651
701
61301
55851
85351
96501
10351
18251
91451
69501
77951
83351
18301
3801
99151
35751
65201
59701
36101
61251
48151
18651
56551
77501
99551
78951
68701
4701
62851
94701
18751
50201
10951
83251
76101
90101
651
66001
74101
25601
63001
52501
85451
32851
81301
96301
12351
29551
36401
13401
25251
24301
14401
92051
99751
82951
78201
82851
53951
80201
63101
80751
94501
14951
27601
97601
17151
15051
93651
23051
61001
52401
42401
11951
2251
75301
58201
3501
89651
83701
22301
69001
5451
18351
97801
73101
57951
89551
22401
601
32351
32451
70601
71251
12101
70101
91251
41201
36451
53701
74301
63351
74701
10751
32151
15251
82051
98751
65951
70951
46701
74951
76651
44451
93151
60951
24051
60551
74451
34501
48251
78301
85201
87301
34651
15101
9351
88601
31701
68501
94801
31051
3101
36751
32201
82601
12751
87751
31551
19701
37201
30051
72951
58101
79351
58351
29801
18701
79601
73651
87051
42001
80001
49901
44951
56451
13801
23801
8951
79951
33851
87951
46851
11551
34601
94301
86851
42351
35351
75651
15951
9601
93701
33951
83201
93351
71751
63401
48101
35501
76451
28751
401
30351
42151
15451
22801
95601
21851
37651
5801
93301
63551
30951
19651
26651
60101
71551
76601
51701
59851
78451
46551
4951
14701
70001
3401
47851
99051
96751
81001
16951
44851
14851
40101
72051
19151
15901
62151
31301
53051
97751
94051
72701
39301
69651
56751
2101
70251
39101
48651
67651
33201
42051
93201
86901
29051
89001
12501
49151
53851
18451
90151
88951
38951
62001
4851
54351
78551
451
36201
1
37151
29901
40651
75351
28051
99601
69451
61551
8151
11701
28901
60451
25501
95651
88201
76251
45651
9451
34251
80501
5151
65001
22951
81801
40551
25201
54301
30401
49001
47001
17101
84851
62551
33801
12251
46401
11651
81251
28951
38801
85901
69151
9401
96701
49101
13001
39701
49501
66101
15851
42551
42901
69801
18851
23851
94351
94201
21751
92001
40201
61701
47651
23501
29301
31201
59251
99201
74801
78801
56701
83601
60151
64351
89351
57751
44751
27501
72451
6901
2151
93551
22201
64151
99501
31951
1601
66801
86501
40951
79901
83301
65451
17901
81201
98601
20851
4101
95351
31151
17451
15501
78251
54951
94451
85951
7801
72351
20451
76351
52151
6851
5351
93751
52701
30251
31901
37751
35201
87801
39801
90051
69701
30151
46951
29001
65601
18201
48451
9651
801
41601
11201
89751
3751
41801
70351
51001
27451
5901
85501
70151
84701
19101
63651
89901
45101
65901
34551
56001
36951
21101
19401
42751
59201
43301
26251
66951
57351
74851
70551
19951
38251
53751
85101
53601
30001
59151
98701
34751
13651
87201
35801
79801
46301
56601
3051
72401
8501
1351
89801
87651
97651
21301
59451
60751
73751
18501
48801
67051
82701
1001
45351
71351
90651
26951
1701
26501
5501
67451
66851
34201
1301
73701
45901
1101
61201
43601
98951
69951
54201
89501
43501
19351
19901
75901
61901
17551
1651
2601
7251
27751
11401
37601
65751
83951
49751
83051
43251
76051
84401
72751
87501
99101
17951
20151
75601
7651
95401
68551
86051
4751
67501
65851
60001
64601
16401
83901
47801
42101
77101
80851
67601
63951
18101
58801
70451
4051
26201
10151
7851
38851
92451
37701
58051
2751
10401
46901
45501
94401
32251
87401
32651
99651
48951
92151
43701
38701
15001
90751
3251
74251
47451
54401
8051
26051
48351
88101
29601
14251
78751
9551
40601
71201
75951
57451
87451
57501
6601
13251
62401
94851
23101
29251
54901
31851
64001
84951
17401
13901
63201
44251
11901
31101
43651
38051
18051
22901
1201
34051
53901
7451
48201
67901
25351
26301
66501
40401
13701
73251
19451
96051
69751
60901
36551
38651
14351
27801
22701
49251
54551
18951
79701
45151
12451
951
20101
55801
99401
16701
7951
38101
76151
8751
26151
301
1451
43751
89051
58251
90451
80451
10651
83151
27901
75251
31751
19051
54651
44401
59351
23401
45451
40901
69201
28801
3351
53251
44551
2651
51201
97551
43351
80351
92751
46801
38751
84351
41001
55151
39051
90951
24551
63901
82751
26351
14101
20651
6651
6551
45701
17651
88451
4601
80251
43201
64901
90351
91001
51851
54701
68751
21701
33101
77851
29751
72501
32901
32101
67251
12551
71951
23351
37501
13201
10201
77651
49801
75101
84151
79151
95951
58851
64801
57051
82201
16901
33451
28101
51451
68151
26851
66701
83651
43001
50301
25151
6351
86151
58451
39751
24951
4451
97001
74051
88001
6101
54851
79251
45601
48401
76201
31451
61101
69851
82151
551
92651
75701
34801
77701
51
10301
86551
35551
64651
28001
48001
43901
46451
75201
96951
35601
33901
95151
18401
42451
44201
91201
73851
79401
9701
52051
20901
55551
85251
22051
47051
25101
93251
7401
36701
13451
99801
35001
51351
42601
57701
88801
15151
90851
33601
70901
9101
62951
52101
11301
22601
22551
95451
42801
16301
97101
52451
77351
62801
16351
5851
36351
37251
40501
30451
41951
41351
63151
48601
77551
36501
54001
80401
57151
50401
96351
61601
48051
53351
73451
8301
28351
33051
1501
22501
52001
58501
54251
48901
2551
6751
93951
99701
92351
60301
40851
67301
23201
73401
48301
40351
53551
25051
27701
7301
56051
80151
17201
55651
84551
35101
13951
4901
68251
89151
66901
5651
63801
24901
61801
33701
10701
83551
39601
13051
78651
3301
44701
12051
75401
87851
64101
98001
16451
16601
99301
59901
45401
14801
85001
18601
99451
38601
72301
11001
8451
7201
52301
21401
251
23451
71151
20551
14301
26601
90401
67851
78901
86201
77601
52551
48701
14651
82501
25801
55201
55051
70651
76701
77751
57901
33001
36901
78851
17601
50001
26001
65151
33751
34351
86701
52651
59001
9151
60501
22351
50801
91601
87701
16751
89101
25951
41851
32401
81551
38151
75851
54151
93851
66251
9751
81101
81701
81451
82401
78401
72651
29951
29651
54451
55101
30651
93001
91901
14151
12401
95101
6451
37001
73951
50101
74001
38501
12701
30501
49851
63601
27001
49951
46051
24351
29201
60851
88751
60201
27401
71001
3151
52751
42851
82001
90201
58401
21501
84301
72801
59101
16851
79501
96151
64201
46501
68101
57601
37401
78101
33351
75751
35451
79051
14051
16651
14201
43401
18151
58701
23251
34151
42651
97701
85701
68601
65301
58601
49051
75501
82301
97851
94251
24251
30801
60601
46101
14751
66451
72251
45851
92701
86001
77201
52851
351
5701
67101
92101
82251
2501
20201
64501
5751
99001
80701
95751
54101
8201
76301
19551
9051
89301
60651
91101
49551
21001
93101
2901
72101
64301
44101
39851
92401
96451
83101
5101
75551
15301
27051
74501
69301
97501
28451
65801
80951
71901
39351
901
62751
37551
93451
47901
27351
84651
19001
20301
20751
88501
41451
35251
84051
28201
72201
36851
3901
80101
24851
24001
56401
83501
69401
65651
90001
63251
23701
88301
4251
94951
15701
83801
95801
53151
47101
5051
85151
72151
93601
53801
49451
77151
2801
88151
28301
10451
42951
51101
71851
26901
55351
3001
29351
56501
64401
51551
21901
42251
49651
90701
50351
62501
24751
47751
65351
37901
47601
11101
58651
81601
14901
57101
41151
42201
37101
60051
20501
10251
17851
76001
98651
2001
96401
56101
71651
23751
66751
38201
67751
34401
53651
95301
79451
17301
52201
70801
6051
38301
41501
16201
39001
82351
98251
59801
4501
81751
39151
17801
3951
79101
3451
71451
58151
13551
79301
40251
17251
97251
10051
73551
7551
51251
68401
68651
2451
88351
56351
38401
52351
99901
37301
82801
79551
10901
16801
32951
2701
73501
45751
73351
34301
32051
52251
91301
22101
30301
58751
65101
89401
1851
57651
23001
41051
84501
30751
7051
95051
22851
34851
24701
3551
14001
88851
68451
85651
29851
44801
84901
84601
13751
61501
6001
47201
47301
27551
55951
81051
31801
22151
49701
77901
39651
81501
69101
28551
50851
29151
59051
82551
62101
32001
67951
2951
1751
66201
50051
82651
50501
11351
60701
86651
82101
97401
45801
84201
15351
25401
74151
36151
98301
78701
47251
77051
79201
45951
38001
64251
59751
2201
30201
77251
38551
74351
12301
71401
80601
8251
5951
54501
41401
48551
80051
9301
92601
84101
94751
20601
62351
11501
91051
12601
57251
40751
43151
201
11601
83451
46651
36651
72551
18801
50251
8651
97301
28851
4151
85851
56151
97951
71101
26401
39451
97901
84001
31501
64851
94901
98201
75051
50751
44151
67201
54751
23551
42501
11151
47401
56851
35851
17351
70701
25851
40801
88701
59951
50151
65251
95001
9201
51951
6251
44651
25651
7001
50451
32501
