100000
99950
99900
99850
99800
99750
99700
99650
99600
99550
99500
99450
99400
99350
99300
99250
99200
99150
99100
99050
99000
98950
98900
98850
98800
98750
98700
98650
98600
98550
98500
98450
98400
98350
98300
98250
98200
98150
98100
98050
98000
97950
97900
97850
97800
97750
97700
97650
97600
97550
97500
97450
97400
97350
97300
97250
97200
97150
97100
97050
97000
96950
96900
96850
96800
96750
96700
96650
96600
96550
96500
96450
96400
96350
96300
96250
96200
96150
96100
96050
96000
95950
95900
95850
95800
95750
95700
95650
95600
95550
95500
95450
95400
95350
95300
95250
95200
95150
95100
95050
95000
94950
94900
94850
94800
94750
94700
94650
94600
94550
94500
94450
94400
94350
94300
94250
94200
94150
94100
94050
94000
93950
93900
93850
93800
93750
93700
93650
93600
93550
93500
93450
93400
93350
93300
93250
93200
93150
93100
93050
93000
92950
92900
92850
92800
92750
92700
92650
92600
92550
92500
92450
92400
92350
92300
92250
92200
92150
92100
92050
92000
91950
91900
91850
91800
91750
91700
91650
91600
91550
91500
91450
91400
91350
91300
91250
91200
91150
91100
91050
91000
90950
90900
90850
90800
90750
90700
90650
90600
90550
90500
90450
90400
90350
90300
90250
90200
90150
90100
90050
90000
89950
89900
89850
89800
89750
89700
89650
89600
89550
89500
89450
89400
89350
89300
89250
89200
89150
89100
89050
89000
88950
88900
88850
88800
88750
88700
88650
88600
88550
88500
88450
88400
88350
88300
88250
88200
88150
88100
88050
88000
87950
87900
87850
87800
87750
87700
87650
87600
87550
87500
87450
87400
87350
87300
87250
87200
87150
87100
87050
87000
86950
86900
86850
86800
86750
86700
86650
86600
86550
86500
86450
86400
86350
86300
86250
86200
86150
86100
86050
86000
85950
85900
85850
85800
85750
85700
85650
85600
85550
85500
85450
85400
85350
85300
85250
85200
85150
85100
85050
85000
84950
84900
84850
84800
84750
84700
84650
84600
84550
84500
84450
84400
84350
84300
84250
84200
84150
84100
84050
84000
83950
83900
83850
83800
83750
83700
83650
83600
83550
83500
83450
83400
83350
83300
83250
83200
83150
83100
83050
83000
82950
82900
82850
82800
82750
82700
82650
82600
82550
82500
82450
82400
82350
82300
82250
82200
82150
82100
82050
82000
81950
81900
81850
81800
81750
81700
81650
81600
81550
81500
81450
81400
81350
81300
81250
81200
81150
81100
81050
81000
80950
80900
80850
80800
80750
80700
80650
80600
80550
80500
80450
80400
80350
80300
80250
80200
80150
80100
80050
80000
79950
79900
79850
79800
79750
79700
79650
79600
79550
79500
79450
79400
79350
79300
79250
79200
79150
79100
79050
79000
78950
78900
78850
78800
78750
78700
78650
78600
78550
78500
78450
78400
78350
78300
78250
78200
78150
78100
78050
78000
77950
77900
77850
77800
77750
77700
77650
77600
77550
77500
77450
77400
77350
77300
77250
77200
77150
77100
77050
77000
76950
76900
76850
76800
76750
76700
76650
76600
76550
76500
76450
76400
76350
76300
76250
76200
76150
76100
76050
76000
75950
75900
75850
75800
75750
75700
75650
75600
75550
75500
75450
75400
75350
75300
75250
75200
75150
75100
75050
75000
74950
74900
74850
74800
74750
74700
74650
74600
74550
74500
74450
74400
74350
74300
74250
74200
74150
74100
74050
74000
73950
73900
73850
73800
73750
73700
73650
73600
73550
73500
73450
73400
73350
73300
73250
73200
73150
73100
73050
73000
72950
72900
72850
72800
72750
72700
72650
72600
72550
72500
72450
72400
72350
72300
72250
72200
72150
72100
72050
72000
71950
71900
71850
71800
71750
71700
71650
71600
71550
71500
71450
71400
71350
71300
71250
71200
71150
71100
71050
71000
70950
70900
70850
70800
70750
70700
70650
70600
70550
70500
70450
70400
70350
70300
70250
70200
70150
70100
70050
70000
69950
69900
69850
69800
69750
69700
69650
69600
69550
69500
69450
69400
69350
69300
69250
69200
69150
69100
69050
69000
68950
68900
68850
68800
68750
68700
68650
68600
68550
68500
68450
68400
68350
68300
68250
68200
68150
68100
68050
68000
67950
67900
67850
67800
67750
67700
67650
67600
67550
67500
67450
67400
67350
67300
67250
67200
67150
67100
67050
67000
66950
66900
66850
66800
66750
66700
66650
66600
66550
66500
66450
66400
66350
66300
66250
66200
66150
66100
66050
66000
65950
65900
65850
65800
65750
65700
65650
65600
65550
65500
65450
65400
65350
65300
65250
65200
65150
65100
65050
65000
64950
64900
64850
64800
64750
64700
64650
64600
64550
64500
64450
64400
64350
64300
64250
64200
64150
64100
64050
64000
63950
63900
63850
63800
63750
63700
63650
63600
63550
63500
63450
63400
63350
63300
63250
63200
63150
63100
63050
63000
62950
62900
62850
62800
62750
62700
62650
62600
62550
62500
62450
62400
62350
62300
62250
62200
62150
62100
62050
62000
61950
61900
61850
61800
61750
61700
61650
61600
61550
61500
61450
61400
61350
61300
61250
61200
61150
61100
61050
61000
60950
60900
60850
60800
60750
60700
60650
60600
60550
60500
60450
60400
60350
60300
60250
60200
60150
60100
60050
60000
59950
59900
59850
59800
59750
59700
59650
59600
59550
59500
59450
59400
59350
59300
59250
59200
59150
59100
59050
59000
58950
58900
58850
58800
58750
58700
58650
58600
58550
58500
58450
58400
58350
58300
58250
58200
58150
58100
58050
58000
57950
57900
57850
57800
57750
57700
57650
57600
57550
57500
57450
57400
57350
57300
57250
57200
57150
57100
57050
57000
56950
56900
56850
56800
56750
56700
56650
56600
56550
56500
56450
56400
56350
56300
56250
56200
56150
56100
56050
56000
55950
55900
55850
55800
55750
55700
55650
55600
55550
55500
55450
55400
55350
55300
55250
55200
55150
55100
55050
55000
54950
54900
54850
54800
54750
54700
54650
54600
54550
54500
54450
54400
54350
54300
54250
54200
54150
54100
54050
54000
53950
53900
53850
53800
53750
53700
53650
53600
53550
53500
53450
53400
53350
53300
53250
53200
53150
53100
53050
53000
52950
52900
52850
52800
52750
52700
52650
52600
52550
52500
52450
52400
52350
52300
52250
52200
52150
52100
52050
52000
51950
51900
51850
51800
51750
51700
51650
51600
51550
51500
51450
51400
51350
51300
51250
51200
51150
51100
51050
51000
50950
50900
50850
50800
50750
50700
50650
50600
50550
50500
50450
50400
50350
50300
50250
50200
50150
50100
50050
50000
49950
49900
49850
49800
49750
49700
49650
49600
49550
49500
49450
49400
49350
49300
49250
49200
49150
49100
49050
49000
48950
48900
48850
48800
48750
48700
48650
48600
48550
48500
48450
48400
48350
48300
48250
48200
48150
48100
48050
48000
47950
47900
47850
47800
47750
47700
47650
47600
47550
47500
47450
47400
47350
47300
47250
47200
47150
47100
47050
47000
46950
46900
46850
46800
46750
46700
46650
46600
46550
46500
46450
46400
46350
46300
46250
46200
46150
46100
46050
46000
45950
45900
45850
45800
45750
45700
45650
45600
45550
45500
45450
45400
45350
45300
45250
45200
45150
45100
45050
45000
44950
44900
44850
44800
44750
44700
44650
44600
44550
44500
44450
44400
44350
44300
44250
44200
44150
44100
44050
44000
43950
43900
43850
43800
43750
43700
43650
43600
43550
43500
43450
43400
43350
43300
43250
43200
43150
43100
43050
43000
42950
42900
42850
42800
42750
42700
42650
42600
42550
42500
42450
42400
42350
42300
42250
42200
42150
42100
42050
42000
41950
41900
41850
41800
41750
41700
41650
41600
41550
41500
41450
41400
41350
41300
41250
41200
41150
41100
41050
41000
40950
40900
40850
40800
40750
40700
40650
40600
40550
40500
40450
40400
40350
40300
40250
40200
40150
40100
40050
40000
39950
39900
39850
39800
39750
39700
39650
39600
39550
39500
39450
39400
39350
39300
39250
39200
39150
39100
39050
39000
38950
38900
38850
38800
38750
38700
38650
38600
38550
38500
38450
38400
38350
38300
38250
38200
38150
38100
38050
38000
37950
37900
37850
37800
37750
37700
37650
37600
37550
37500
37450
37400
37350
37300
37250
37200
37150
37100
37050
37000
36950
36900
36850
36800
36750
36700
36650
36600
36550
36500
36450
36400
36350
36300
36250
36200
36150
36100
36050
36000
35950
35900
35850
35800
35750
35700
35650
35600
35550
35500
35450
35400
35350
35300
35250
35200
35150
35100
35050
35000
34950
34900
34850
34800
34750
34700
34650
34600
34550
34500
34450
34400
34350
34300
34250
34200
34150
34100
34050
34000
33950
33900
33850
33800
33750
33700
33650
33600
33550
33500
33450
33400
33350
33300
33250
33200
33150
33100
33050
33000
32950
32900
32850
32800
32750
32700
32650
32600
32550
32500
32450
32400
32350
32300
32250
32200
32150
32100
32050
32000
31950
31900
31850
31800
31750
31700
31650
31600
31550
31500
31450
31400
31350
31300
31250
31200
31150
31100
31050
31000
30950
30900
30850
30800
30750
30700
30650
30600
30550
30500
30450
30400
30350
30300
30250
30200
30150
30100
30050
30000
29950
29900
29850
29800
29750
29700
29650
29600
29550
29500
29450
29400
29350
29300
29250
29200
29150
29100
29050
29000
28950
28900
28850
28800
28750
28700
28650
28600
28550
28500
28450
28400
28350
28300
28250
28200
28150
28100
28050
28000
27950
27900
27850
27800
27750
27700
27650
27600
27550
27500
27450
27400
27350
27300
27250
27200
27150
27100
27050
27000
26950
26900
26850
26800
26750
26700
26650
26600
26550
26500
26450
26400
26350
26300
26250
26200
26150
26100
26050
26000
25950
25900
25850
25800
25750
25700
25650
25600
25550
25500
25450
25400
25350
25300
25250
25200
25150
25100
25050
25000
24950
24900
24850
24800
24750
24700
24650
24600
24550
24500
24450
24400
24350
24300
24250
24200
24150
24100
24050
24000
23950
23900
23850
23800
23750
23700
23650
23600
23550
23500
23450
23400
23350
23300
23250
23200
23150
23100
23050
23000
22950
22900
22850
22800
22750
22700
22650
22600
22550
22500
22450
22400
22350
22300
22250
22200
22150
22100
22050
22000
21950
21900
21850
21800
21750
21700
21650
21600
21550
21500
21450
21400
21350
21300
21250
21200
21150
21100
21050
21000
20950
20900
20850
20800
20750
20700
20650
20600
20550
20500
20450
20400
20350
20300
20250
20200
20150
20100
20050
20000
19950
19900
19850
19800
19750
19700
19650
19600
19550
19500
19450
19400
19350
19300
19250
19200
19150
19100
19050
19000
18950
18900
18850
18800
18750
18700
18650
18600
18550
18500
18450
18400
18350
18300
18250
18200
18150
18100
18050
18000
17950
17900
17850
17800
17750
17700
17650
17600
17550
17500
17450
17400
17350
17300
17250
17200
17150
17100
17050
17000
16950
16900
16850
16800
16750
16700
16650
16600
16550
16500
16450
16400
16350
16300
16250
16200
16150
16100
16050
16000
15950
15900
15850
15800
15750
15700
15650
15600
15550
15500
15450
15400
15350
15300
15250
15200
15150
15100
15050
15000
14950
14900
14850
14800
14750
14700
14650
14600
14550
14500
14450
14400
14350
14300
14250
14200
14150
14100
14050
14000
13950
13900
13850
13800
13750
13700
13650
13600
13550
13500
13450
13400
13350
13300
13250
13200
13150
13100
13050
13000
12950
12900
12850
12800
12750
12700
12650
12600
12550
12500
12450
12400
12350
12300
12250
12200
12150
12100
12050
12000
11950
11900
11850
11800
11750
11700
11650
11600
11550
11500
11450
11400
11350
11300
11250
11200
11150
11100
11050
11000
10950
10900
10850
10800
10750
10700
10650
10600
10550
10500
10450
10400
10350
10300
10250
10200
10150
10100
10050
10000
9950
9900
9850
9800
9750
9700
9650
9600
9550
9500
9450
9400
9350
9300
9250
9200
9150
9100
9050
9000
8950
8900
8850
8800
8750
8700
8650
8600
8550
8500
8450
8400
8350
8300
8250
8200
8150
8100
8050
8000
7950
7900
7850
7800
7750
7700
7650
7600
7550
7500
7450
7400
7350
7300
7250
7200
7150
7100
7050
7000
6950
6900
6850
6800
6750
6700
6650
6600
6550
6500
6450
6400
6350
6300
6250
6200
6150
6100
6050
6000
5950
5900
5850
5800
5750
5700
5650
5600
5550
5500
5450
5400
5350
5300
5250
5200
5150
5100
5050
5000
4950
4900
4850
4800
4750
4700
4650
4600
4550
4500
4450
4400
4350
4300
4250
4200
4150
4100
4050
4000
3950
3900
3850
3800
3750
3700
3650
3600
3550
3500
3450
3400
3350
3300
3250
3200
3150
3100
3050
3000
2950
2900
2850
2800
2750
2700
2650
2600
2550
2500
2450
2400
2350
2300
2250
2200
2150
2100
2050
2000
1950
1900
1850
1800
1750
1700
1650
1600
1550
1500
1450
1400
1350
1300
1250
1200
1150
1100
1050
1000
950
900
850
800
750
700
650
600
550
500
450
400
350
300
250
200
150
100
50
