100000
99500
99000
98500
98000
97500
97000
96500
96000
95500
95000
94500
94000
93500
93000
92500
92000
91500
91000
90500
90000
89500
89000
88500
88000
87500
87000
86500
86000
85500
85000
84500
84000
83500
83000
82500
82000
81500
81000
80500
80000
79500
79000
78500
78000
77500
77000
76500
76000
75500
75000
74500
74000
73500
73000
72500
72000
71500
71000
70500
70000
69500
69000
68500
68000
67500
67000
66500
66000
65500
65000
64500
64000
63500
63000
62500
62000
61500
61000
60500
60000
59500
59000
58500
58000
57500
57000
56500
56000
55500
55000
54500
54000
53500
53000
52500
52000
51500
51000
50500
50000
49500
49000
48500
48000
47500
47000
46500
46000
45500
45000
44500
44000
43500
43000
42500
42000
41500
41000
40500
40000
39500
39000
38500
38000
37500
37000
36500
36000
35500
35000
34500
34000
33500
33000
32500
32000
31500
31000
30500
30000
29500
29000
28500
28000
27500
27000
26500
26000
25500
25000
24500
24000
23500
23000
22500
22000
21500
21000
20500
20000
19500
19000
18500
18000
17500
17000
16500
16000
15500
15000
14500
14000
13500
13000
12500
12000
11500
11000
10500
10000
9500
9000
8500
8000
7500
7000
6500
6000
5500
5000
4500
4000
3500
3000
2500
2000
1500
1000
500
