1
501
1001
1501
2001
2501
3001
3501
4001
4501
5001
5501
6001
6501
7001
7501
8001
8501
9001
9501
10001
10501
11001
11501
12001
12501
13001
13501
14001
14501
15001
15501
16001
16501
17001
17501
18001
18501
19001
19501
20001
20501
21001
21501
22001
22501
23001
23501
24001
24501
25001
25501
26001
26501
27001
27501
28001
28501
29001
29501
30001
30501
31001
31501
32001
32501
33001
33501
34001
34501
35001
35501
36001
36501
37001
37501
38001
38501
39001
39501
40001
40501
41001
41501
42001
42501
43001
43501
44001
44501
45001
45501
46001
46501
47001
47501
48001
48501
49001
49501
50001
50501
51001
51501
52001
52501
53001
53501
54001
54501
55001
55501
56001
56501
57001
57501
58001
58501
59001
59501
60001
60501
61001
61501
62001
62501
63001
63501
64001
64501
65001
65501
66001
66501
67001
67501
68001
68501
69001
69501
70001
70501
71001
71501
72001
72501
73001
73501
74001
74501
75001
75501
76001
76501
77001
77501
78001
78501
79001
79501
80001
80501
81001
81501
82001
82501
83001
83501
84001
84501
85001
85501
86001
86501
87001
87501
88001
88501
89001
89501
90001
90501
91001
91501
92001
92501
93001
93501
94001
94501
95001
95501
96001
96501
97001
97501
98001
98501
99001
99501
