1
51
101
151
201
251
301
351
401
451
501
551
601
651
701
751
801
851
901
951
1001
1051
1101
1151
1201
1251
1301
1351
1401
1451
1501
1551
1601
1651
1701
1751
1801
1851
1901
1951
2001
2051
2101
2151
2201
2251
2301
2351
2401
2451
2501
2551
2601
2651
2701
2751
2801
2851
2901
2951
3001
3051
3101
3151
3201
3251
3301
3351
3401
3451
3501
3551
3601
3651
3701
3751
3801
3851
3901
3951
4001
4051
4101
4151
4201
4251
4301
4351
4401
4451
4501
4551
4601
4651
4701
4751
4801
4851
4901
4951
5001
5051
5101
5151
5201
5251
5301
5351
5401
5451
5501
5551
5601
5651
5701
5751
5801
5851
5901
5951
6001
6051
6101
6151
6201
6251
6301
6351
6401
6451
6501
6551
6601
6651
6701
6751
6801
6851
6901
6951
7001
7051
7101
7151
7201
7251
7301
7351
7401
7451
7501
7551
7601
7651
7701
7751
7801
7851
7901
7951
8001
8051
8101
8151
8201
8251
8301
8351
8401
8451
8501
8551
8601
8651
8701
8751
8801
8851
8901
8951
9001
9051
9101
9151
9201
9251
9301
9351
9401
9451
9501
9551
9601
9651
9701
9751
9801
9851
9901
9951
10001
10051
10101
10151
10201
10251
10301
10351
10401
10451
10501
10551
10601
10651
10701
10751
10801
10851
10901
10951
11001
11051
11101
11151
11201
11251
11301
11351
11401
11451
11501
11551
11601
11651
11701
11751
11801
11851
11901
11951
12001
12051
12101
12151
12201
12251
12301
12351
12401
12451
12501
12551
12601
12651
12701
12751
12801
12851
12901
12951
13001
13051
13101
13151
13201
13251
13301
13351
13401
13451
13501
13551
13601
13651
13701
13751
13801
13851
13901
13951
14001
14051
14101
14151
14201
14251
14301
14351
14401
14451
14501
14551
14601
14651
14701
14751
14801
14851
14901
14951
15001
15051
15101
15151
15201
15251
15301
15351
15401
15451
15501
15551
15601
15651
15701
15751
15801
15851
15901
15951
16001
16051
16101
16151
16201
16251
16301
16351
16401
16451
16501
16551
16601
16651
16701
16751
16801
16851
16901
16951
17001
17051
17101
17151
17201
17251
17301
17351
17401
17451
17501
17551
17601
17651
17701
17751
17801
17851
17901
17951
18001
18051
18101
18151
18201
18251
18301
18351
18401
18451
18501
18551
18601
18651
18701
18751
18801
18851
18901
18951
19001
19051
19101
19151
19201
19251
19301
19351
19401
19451
19501
19551
19601
19651
19701
19751
19801
19851
19901
19951
20001
20051
20101
20151
20201
20251
20301
20351
20401
20451
20501
20551
20601
20651
20701
20751
20801
20851
20901
20951
21001
21051
21101
21151
21201
21251
21301
21351
21401
21451
21501
21551
21601
21651
21701
21751
21801
21851
21901
21951
22001
22051
22101
22151
22201
22251
22301
22351
22401
22451
22501
22551
22601
22651
22701
22751
22801
22851
22901
22951
23001
23051
23101
23151
23201
23251
23301
23351
23401
23451
23501
23551
23601
23651
23701
23751
23801
23851
23901
23951
24001
24051
24101
24151
24201
24251
24301
24351
24401
24451
24501
24551
24601
24651
24701
24751
24801
24851
24901
24951
25001
25051
25101
25151
25201
25251
25301
25351
25401
25451
25501
25551
25601
25651
25701
25751
25801
25851
25901
25951
26001
26051
26101
26151
26201
26251
26301
26351
26401
26451
26501
26551
26601
26651
26701
26751
26801
26851
26901
26951
27001
27051
27101
27151
27201
27251
27301
27351
27401
27451
27501
27551
27601
27651
27701
27751
27801
27851
27901
27951
28001
28051
28101
28151
28201
28251
28301
28351
28401
28451
28501
28551
28601
28651
28701
28751
28801
28851
28901
28951
29001
29051
29101
29151
29201
29251
29301
29351
29401
29451
29501
29551
29601
29651
29701
29751
29801
29851
29901
29951
30001
30051
30101
30151
30201
30251
30301
30351
30401
30451
30501
30551
30601
30651
30701
30751
30801
30851
30901
30951
31001
31051
31101
31151
31201
31251
31301
31351
31401
31451
31501
31551
31601
31651
31701
31751
31801
31851
31901
31951
32001
32051
32101
32151
32201
32251
32301
32351
32401
32451
32501
32551
32601
32651
32701
32751
32801
32851
32901
32951
33001
33051
33101
33151
33201
33251
33301
33351
33401
33451
33501
33551
33601
33651
33701
33751
33801
33851
33901
33951
34001
34051
34101
34151
34201
34251
34301
34351
34401
34451
34501
34551
34601
34651
34701
34751
34801
34851
34901
34951
35001
35051
35101
35151
35201
35251
35301
35351
35401
35451
35501
35551
35601
35651
35701
35751
35801
35851
35901
35951
36001
36051
36101
36151
36201
36251
36301
36351
36401
36451
36501
36551
36601
36651
36701
36751
36801
36851
36901
36951
37001
37051
37101
37151
37201
37251
37301
37351
37401
37451
37501
37551
37601
37651
37701
37751
37801
37851
37901
37951
38001
38051
38101
38151
38201
38251
38301
38351
38401
38451
38501
38551
38601
38651
38701
38751
38801
38851
38901
38951
39001
39051
39101
39151
39201
39251
39301
39351
39401
39451
39501
39551
39601
39651
39701
39751
39801
39851
39901
39951
40001
40051
40101
40151
40201
40251
40301
40351
40401
40451
40501
40551
40601
40651
40701
40751
40801
40851
40901
40951
41001
41051
41101
41151
41201
41251
41301
41351
41401
41451
41501
41551
41601
41651
41701
41751
41801
41851
41901
41951
42001
42051
42101
42151
42201
42251
42301
42351
42401
42451
42501
42551
42601
42651
42701
42751
42801
42851
42901
42951
43001
43051
43101
43151
43201
43251
43301
43351
43401
43451
43501
43551
43601
43651
43701
43751
43801
43851
43901
43951
44001
44051
44101
44151
44201
44251
44301
44351
44401
44451
44501
44551
44601
44651
44701
44751
44801
44851
44901
44951
45001
45051
45101
45151
45201
45251
45301
45351
45401
45451
45501
45551
45601
45651
45701
45751
45801
45851
45901
45951
46001
46051
46101
46151
46201
46251
46301
46351
46401
46451
46501
46551
46601
46651
46701
46751
46801
46851
46901
46951
47001
47051
47101
47151
47201
47251
47301
47351
47401
47451
47501
47551
47601
47651
47701
47751
47801
47851
47901
47951
48001
48051
48101
48151
48201
48251
48301
48351
48401
48451
48501
48551
48601
48651
48701
48751
48801
48851
48901
48951
49001
49051
49101
49151
49201
49251
49301
49351
49401
49451
49501
49551
49601
49651
49701
49751
49801
49851
49901
49951
50001
50051
50101
50151
50201
50251
50301
50351
50401
50451
50501
50551
50601
50651
50701
50751
50801
50851
50901
50951
51001
51051
51101
51151
51201
51251
51301
51351
51401
51451
51501
51551
51601
51651
51701
51751
51801
51851
51901
51951
52001
52051
52101
52151
52201
52251
52301
52351
52401
52451
52501
52551
52601
52651
52701
52751
52801
52851
52901
52951
53001
53051
53101
53151
53201
53251
53301
53351
53401
53451
53501
53551
53601
53651
53701
53751
53801
53851
53901
53951
54001
54051
54101
54151
54201
54251
54301
54351
54401
54451
54501
54551
54601
54651
54701
54751
54801
54851
54901
54951
55001
55051
55101
55151
55201
55251
55301
55351
55401
55451
55501
55551
55601
55651
55701
55751
55801
55851
55901
55951
56001
56051
56101
56151
56201
56251
56301
56351
56401
56451
56501
56551
56601
56651
56701
56751
56801
56851
56901
56951
57001
57051
57101
57151
57201
57251
57301
57351
57401
57451
57501
57551
57601
57651
57701
57751
57801
57851
57901
57951
58001
58051
58101
58151
58201
58251
58301
58351
58401
58451
58501
58551
58601
58651
58701
58751
58801
58851
58901
58951
59001
59051
59101
59151
59201
59251
59301
59351
59401
59451
59501
59551
59601
59651
59701
59751
59801
59851
59901
59951
60001
60051
60101
60151
60201
60251
60301
60351
60401
60451
60501
60551
60601
60651
60701
60751
60801
60851
60901
60951
61001
61051
61101
61151
61201
61251
61301
61351
61401
61451
61501
61551
61601
61651
61701
61751
61801
61851
61901
61951
62001
62051
62101
62151
62201
62251
62301
62351
62401
62451
62501
62551
62601
62651
62701
62751
62801
62851
62901
62951
63001
63051
63101
63151
63201
63251
63301
63351
63401
63451
63501
63551
63601
63651
63701
63751
63801
63851
63901
63951
64001
64051
64101
64151
64201
64251
64301
64351
64401
64451
64501
64551
64601
64651
64701
64751
64801
64851
64901
64951
65001
65051
65101
65151
65201
65251
65301
65351
65401
65451
65501
65551
65601
65651
65701
65751
65801
65851
65901
65951
66001
66051
66101
66151
66201
66251
66301
66351
66401
66451
66501
66551
66601
66651
66701
66751
66801
66851
66901
66951
67001
67051
67101
67151
67201
67251
67301
67351
67401
67451
67501
67551
67601
67651
67701
67751
67801
67851
67901
67951
68001
68051
68101
68151
68201
68251
68301
68351
68401
68451
68501
68551
68601
68651
68701
68751
68801
68851
68901
68951
69001
69051
69101
69151
69201
69251
69301
69351
69401
69451
69501
69551
69601
69651
69701
69751
69801
69851
69901
69951
70001
70051
70101
70151
70201
70251
70301
70351
70401
70451
70501
70551
70601
70651
70701
70751
70801
70851
70901
70951
71001
71051
71101
71151
71201
71251
71301
71351
71401
71451
71501
71551
71601
71651
71701
71751
71801
71851
71901
71951
72001
72051
72101
72151
72201
72251
72301
72351
72401
72451
72501
72551
72601
72651
72701
72751
72801
72851
72901
72951
73001
73051
73101
73151
73201
73251
73301
73351
73401
73451
73501
73551
73601
73651
73701
73751
73801
73851
73901
73951
74001
74051
74101
74151
74201
74251
74301
74351
74401
74451
74501
74551
74601
74651
74701
74751
74801
74851
74901
74951
75001
75051
75101
75151
75201
75251
75301
75351
75401
75451
75501
75551
75601
75651
75701
75751
75801
75851
75901
75951
76001
76051
76101
76151
76201
76251
76301
76351
76401
76451
76501
76551
76601
76651
76701
76751
76801
76851
76901
76951
77001
77051
77101
77151
77201
77251
77301
77351
77401
77451
77501
77551
77601
77651
77701
77751
77801
77851
77901
77951
78001
78051
78101
78151
78201
78251
78301
78351
78401
78451
78501
78551
78601
78651
78701
78751
78801
78851
78901
78951
79001
79051
79101
79151
79201
79251
79301
79351
79401
79451
79501
79551
79601
79651
79701
79751
79801
79851
79901
79951
80001
80051
80101
80151
80201
80251
80301
80351
80401
80451
80501
80551
80601
80651
80701
80751
80801
80851
80901
80951
81001
81051
81101
81151
81201
81251
81301
81351
81401
81451
81501
81551
81601
81651
81701
81751
81801
81851
81901
81951
82001
82051
82101
82151
82201
82251
82301
82351
82401
82451
82501
82551
82601
82651
82701
82751
82801
82851
82901
82951
83001
83051
83101
83151
83201
83251
83301
83351
83401
83451
83501
83551
83601
83651
83701
83751
83801
83851
83901
83951
84001
84051
84101
84151
84201
84251
84301
84351
84401
84451
84501
84551
84601
84651
84701
84751
84801
84851
84901
84951
85001
85051
85101
85151
85201
85251
85301
85351
85401
85451
85501
85551
85601
85651
85701
85751
85801
85851
85901
85951
86001
86051
86101
86151
86201
86251
86301
86351
86401
86451
86501
86551
86601
86651
86701
86751
86801
86851
86901
86951
87001
87051
87101
87151
87201
87251
87301
87351
87401
87451
87501
87551
87601
87651
87701
87751
87801
87851
87901
87951
88001
88051
88101
88151
88201
88251
88301
88351
88401
88451
88501
88551
88601
88651
88701
88751
88801
88851
88901
88951
89001
89051
89101
89151
89201
89251
89301
89351
89401
89451
89501
89551
89601
89651
89701
89751
89801
89851
89901
89951
90001
90051
90101
90151
90201
90251
90301
90351
90401
90451
90501
90551
90601
90651
90701
90751
90801
90851
90901
90951
91001
91051
91101
91151
91201
91251
91301
91351
91401
91451
91501
91551
91601
91651
91701
91751
91801
91851
91901
91951
92001
92051
92101
92151
92201
92251
92301
92351
92401
92451
92501
92551
92601
92651
92701
92751
92801
92851
92901
92951
93001
93051
93101
93151
93201
93251
93301
93351
93401
93451
93501
93551
93601
93651
93701
93751
93801
93851
93901
93951
94001
94051
94101
94151
94201
94251
94301
94351
94401
94451
94501
94551
94601
94651
94701
94751
94801
94851
94901
94951
95001
95051
95101
95151
95201
95251
95301
95351
95401
95451
95501
95551
95601
95651
95701
95751
95801
95851
95901
95951
96001
96051
96101
96151
96201
96251
96301
96351
96401
96451
96501
96551
96601
96651
96701
96751
96801
96851
96901
96951
97001
97051
97101
97151
97201
97251
97301
97351
97401
97451
97501
97551
97601
97651
97701
97751
97801
97851
97901
97951
98001
98051
98101
98151
98201
98251
98301
98351
98401
98451
98501
98551
98601
98651
98701
98751
98801
98851
98901
98951
99001
99051
99101
99151
99201
99251
99301
99351
99401
99451
99501
99551
99601
99651
99701
99751
99801
99851
99901
99951
